########## URING body=128 ##########
# bench_cpu A=geario-before B=geario-after body=128 conns=64 workers=1 rounds=16 secs=4
# round arm qps p50 p99 cpu_us_req rss_mb bad
1 A 98692 665.1 841.4 10.12 4.2 0
1 B 131543 485.6 680.6 7.61 4.2 0
2 B 114811 560.3 789.5 8.70 4.2 0
2 A 120144 543.7 749.9 8.32 4.2 0
3 A 133428 479.9 668.2 7.49 4.2 0
3 B 139593 465.4 613.9 7.18 4.2 0
4 B 133364 477.9 678.6 7.51 4.2 0
4 A 104944 626.2 847.0 9.50 4.2 0
5 A 114468 574.3 709.2 8.73 4.2 0
5 B 96360 688.7 911.5 10.34 4.2 0
6 B 137304 473.1 587.2 7.30 4.2 0
6 A 137191 475.6 595.1 7.28 5.4 0
7 A 136746 481.0 557.7 7.31 4.1 0
7 B 138796 468.9 644.4 7.20 5.5 0
8 B 117673 554.0 717.4 8.45 4.2 0
8 A 135528 477.6 642.9 7.39 4.2 0
9 A 96764 664.5 848.5 10.35 4.2 0
9 B 121777 521.8 745.1 8.18 4.2 0
10 B 139872 467.1 579.4 7.14 4.2 0
10 A 141545 461.1 556.0 7.08 4.1 0
11 A 134705 478.1 658.8 7.42 4.1 0
11 B 140725 462.8 569.7 7.12 4.2 0
12 B 135132 479.5 657.4 7.38 4.2 0
12 A 133499 487.3 596.0 7.45 4.2 0
13 A 134688 483.0 705.4 7.42 4.2 0
13 B 136313 479.1 690.2 7.35 4.2 0
14 B 126080 498.8 731.1 7.92 4.2 0
14 A 117410 557.5 708.1 8.51 4.2 0
15 A 88938 740.3 911.6 11.23 4.2 0
15 B 114447 562.9 798.8 8.73 4.2 0
16 B 101283 648.3 831.5 9.86 4.2 0
16 A 117165 556.5 702.8 8.55 4.2 0
########## POLLING body=128 ##########
# bench_cpu A=geario-before-polling B=geario-after-polling body=128 conns=64 workers=1 rounds=16 secs=4
# round arm qps p50 p99 cpu_us_req rss_mb bad
1 A 129765 485.1 753.0 7.73 3.9 0
1 B 126434 506.8 694.7 7.93 3.8 0
2 B 133452 478.2 709.1 7.50 3.9 0
2 A 120142 539.5 785.2 8.29 3.9 0
3 A 116447 547.4 779.8 8.62 3.9 0
3 B 134553 476.5 702.9 7.45 3.9 0
4 B 130258 490.5 757.3 7.67 4.0 0
4 A 130679 486.0 742.2 7.66 4.0 0
5 A 127671 488.2 685.0 7.85 3.9 0
5 B 129259 497.2 641.3 7.75 4.0 0
6 B 132672 480.7 703.4 7.55 4.0 0
6 A 126791 502.7 671.9 7.92 3.8 0
7 A 130318 486.1 706.3 7.67 3.8 0
7 B 132086 482.2 707.6 7.58 3.8 0
8 B 123158 529.3 686.1 8.13 5.1 0
8 A 122633 495.8 764.0 8.17 3.9 0
9 A 133433 480.2 613.6 7.49 3.8 0
9 B 129104 495.9 599.0 7.76 4.0 0
10 B 130760 487.5 695.5 7.66 4.0 0
10 A 130489 483.3 673.7 7.67 4.0 0
11 A 130882 479.9 668.8 7.63 4.0 0
11 B 130452 488.8 723.7 7.66 3.8 0
12 B 127861 488.3 711.1 7.83 3.9 0
12 A 129881 493.5 705.9 7.71 3.9 0
13 A 107699 590.8 875.6 9.28 3.9 0
13 B 86756 732.1 1022.9 11.55 3.9 0
14 B 102397 620.2 909.5 9.77 3.9 0
14 A 109247 512.6 808.7 9.12 3.9 0
15 A 133774 477.5 734.5 7.49 3.9 0
15 B 133343 471.2 702.0 7.53 3.9 0
16 B 131443 487.0 651.9 7.62 3.9 0
16 A 113810 562.2 824.7 8.80 3.9 0
########## URING body=16384 ##########
# bench_cpu A=geario-before B=geario-after body=16384 conns=64 workers=1 rounds=16 secs=4
# round arm qps p50 p99 cpu_us_req rss_mb bad
1 A 89528 845.1 1091.4 11.16 4.2 0
1 B 75106 984.0 1282.5 13.27 4.2 0
2 B 89353 844.8 1025.2 11.18 4.2 0
2 A 90328 840.0 956.7 11.09 4.2 0
3 A 105750 701.2 966.0 9.45 4.2 0
3 B 97456 752.5 902.7 10.28 4.2 0
4 B 69205 1091.2 1276.1 14.44 4.2 0
4 A 80615 853.5 1229.6 12.36 4.2 0
5 A 79041 946.9 1219.1 12.64 4.3 0
5 B 106770 702.9 875.5 9.38 4.2 0
6 B 104090 701.8 1022.5 9.53 4.3 0
6 A 80141 937.5 1194.3 12.50 4.2 0
7 A 106972 654.9 1031.3 9.36 4.3 0
7 B 105950 716.8 829.3 9.45 4.2 0
8 B 106078 702.7 894.8 9.42 4.2 0
8 A 104051 720.2 857.2 9.60 4.2 0
9 A 105025 708.5 1002.4 9.51 5.5 0
9 B 105204 709.4 885.2 9.47 4.2 0
10 B 105944 698.9 866.9 9.41 4.2 0
10 A 106013 703.8 896.6 9.43 4.2 0
11 A 106576 700.5 844.0 9.38 4.3 0
11 B 103117 722.7 943.0 9.64 4.3 0
12 B 105578 706.9 831.3 9.42 4.2 0
12 A 104938 714.8 831.1 9.55 4.2 0
13 A 103228 718.6 987.0 9.65 4.2 0
13 B 105061 695.0 1011.4 9.51 4.2 0
14 B 102756 666.7 1048.3 9.72 4.2 0
14 A 71476 1031.2 1420.2 13.98 4.2 0
15 A 97372 749.7 1010.5 10.26 4.2 0
15 B 89722 841.9 1009.6 11.14 4.2 0
16 B 104403 704.1 1124.5 9.57 4.2 0
16 A 106818 692.0 995.5 9.35 4.2 0
########## POLLING body=16384 ##########
# bench_cpu A=geario-before-polling B=geario-after-polling body=16384 conns=64 workers=1 rounds=16 secs=4
# round arm qps p50 p99 cpu_us_req rss_mb bad
1 A 96715 616.3 1278.9 10.36 3.7 0
1 B 96108 617.4 1290.1 10.41 3.8 0
2 B 95603 626.0 1283.8 10.47 3.6 0
2 A 94960 627.0 1325.2 10.57 3.6 0
3 A 92926 642.6 1314.9 10.80 3.7 0
3 B 96343 617.3 1271.9 10.40 3.7 0
4 B 92954 633.3 1385.0 10.72 3.7 0
4 A 96518 616.1 1281.9 10.35 3.6 0
5 A 95580 623.0 1301.5 10.43 3.6 0
5 B 91705 649.6 1352.3 10.81 3.6 0
6 B 67249 896.3 1833.1 14.86 3.6 0
6 A 90676 644.4 1435.9 11.02 3.7 0
7 A 81142 719.1 1614.4 12.34 3.7 0
7 B 85407 711.0 1450.6 11.73 3.6 0
8 B 93652 638.5 1330.1 10.70 3.6 0
8 A 95506 621.3 1277.7 10.46 3.7 0
9 A 92666 637.4 1325.6 10.78 3.6 0
9 B 96088 618.0 1286.0 10.40 3.6 0
10 B 93587 631.8 1304.4 10.70 3.6 0
10 A 96376 621.8 1284.8 10.42 3.6 0
11 A 94719 631.0 1309.7 10.56 3.6 0
11 B 93819 631.1 1318.3 10.70 3.6 0
12 B 96454 619.4 1300.7 10.36 3.7 0
12 A 92667 648.0 1331.6 10.78 3.8 0
13 A 94805 630.5 1320.0 10.59 3.6 0
13 B 93552 640.1 1318.3 10.73 3.6 0
14 B 87702 704.4 1480.6 11.45 3.6 0
14 A 95595 620.8 1292.7 10.50 3.6 0
15 A 91466 654.8 1385.8 10.95 3.7 0
15 B 93607 631.8 1339.1 10.65 3.6 0
16 B 93550 638.8 1313.0 10.68 3.7 0
16 A 91983 642.4 1349.9 10.83 3.7 0
########## URING body=65536 ##########
# bench_cpu A=geario-before B=geario-after body=65536 conns=64 workers=1 rounds=16 secs=4
# round arm qps p50 p99 cpu_us_req rss_mb bad
1 A 60056 1253.2 1826.5 16.64 4.3 0
1 B 60239 1241.0 1727.4 16.59 4.3 0
2 B 56398 1245.2 1708.5 17.72 4.3 0
2 A 43205 1657.0 2354.7 23.06 4.2 0
3 A 57143 1292.5 1791.5 17.48 4.2 0
3 B 51841 1317.5 2242.2 19.22 4.3 0
4 B 59898 1247.4 1706.8 16.68 4.2 0
4 A 61324 1234.0 1533.6 16.29 4.2 0
5 A 56755 1252.0 2199.2 17.60 4.3 0
5 B 56999 1298.9 1734.3 17.57 4.2 0
6 B 38536 1969.6 2324.2 25.86 4.3 0
6 A 56018 1264.3 1929.6 17.83 4.2 0
7 A 60538 1232.7 1839.6 16.50 4.2 0
7 B 59511 1247.8 1722.6 16.78 4.3 0
8 B 55330 1264.7 1948.0 18.10 4.2 0
8 A 37253 2046.9 2433.2 26.88 4.2 0
9 A 59023 1237.8 1865.5 16.93 4.3 0
9 B 55638 1243.1 1826.5 17.95 5.6 0
10 B 53826 1347.7 1926.7 18.56 4.3 0
10 A 61373 1235.4 1576.1 16.32 5.5 0
11 A 59645 1261.3 1781.6 16.75 4.3 0
11 B 57780 1270.5 1790.6 17.25 4.3 0
12 B 49962 1477.6 1981.0 19.99 4.2 0
12 A 46235 1562.0 2257.7 21.61 4.3 0
13 A 44413 1625.1 2288.0 22.49 4.3 0
13 B 42068 1779.6 2136.9 23.75 4.3 0
14 B 46813 1488.4 2355.9 21.34 4.2 0
14 A 59218 1249.1 1748.0 16.87 4.3 0
15 A 37999 1986.3 2649.9 26.36 4.2 0
15 B 57686 1276.3 1953.7 17.36 4.3 0
16 B 60232 1249.1 1550.6 16.59 4.2 0
16 A 57044 1263.6 1780.9 17.51 4.3 0
########## POLLING body=65536 ##########
# bench_cpu A=geario-before-polling B=geario-after-polling body=65536 conns=64 workers=1 rounds=16 secs=4
# round arm qps p50 p99 cpu_us_req rss_mb bad
1 A 52400 1146.0 2479.3 19.06 3.7 0
1 B 55867 1057.2 2221.6 17.92 3.7 0
2 B 54516 1084.6 2267.5 18.37 3.6 0
2 A 53330 1099.4 2369.5 18.69 3.6 0
3 A 53778 1077.1 2300.1 18.60 3.7 0
3 B 55706 1066.3 2211.4 17.93 3.7 0
4 B 41304 1460.4 3023.1 24.24 3.7 0
4 A 39043 1521.2 3267.8 25.71 3.7 0
5 A 51724 1129.8 2577.6 19.36 3.7 0
5 B 52956 1077.7 2478.0 18.86 3.7 0
6 B 42117 1481.7 3205.4 23.72 3.7 0
6 A 38970 1511.4 3269.6 25.69 3.7 0
7 A 43925 1366.3 2937.6 22.76 3.7 0
7 B 46036 1280.2 2717.3 21.74 3.7 0
8 B 46124 1269.2 2997.8 21.76 3.7 0
8 A 49558 1205.0 2670.0 20.10 3.6 0
9 A 53624 1085.8 2298.3 18.68 3.6 0
9 B 49818 1193.3 2670.0 20.20 3.6 0
10 B 53872 1074.9 2597.5 18.50 3.7 0
10 A 55985 1062.5 2212.9 17.89 3.7 0
11 A 51479 1169.0 2461.0 19.45 3.7 0
11 B 53833 1078.2 2427.7 18.60 3.7 0
12 B 55013 1069.6 2311.2 18.20 3.7 0
12 A 52306 1135.8 2447.4 19.10 3.7 0
13 A 36384 1616.1 3379.3 27.52 3.7 0
13 B 46741 1282.4 2649.0 21.42 3.7 0
14 B 40504 1464.0 3048.2 24.72 3.6 0
14 A 42566 1424.8 3102.6 23.59 3.7 0
15 A 40988 1449.9 3049.1 24.36 3.6 0
15 B 40396 1464.5 3077.7 24.85 3.7 0
16 B 40754 1517.0 3322.1 24.51 3.7 0
16 A 50590 1187.4 2561.2 19.74 3.7 0
